{
 "cells": [
  {
   "cell_type": "code",
   "execution_count": 1,
   "id": "44952fe6-35e4-4435-a30e-001f5e05ff8d",
   "metadata": {},
   "outputs": [],
   "source": [
    "from Skripsi import Preprocessing\n",
    "from Skripsi import Evaluation\n",
    "from Skripsi import LSTMUnit\n",
    "from pandas import read_csv\n",
    "from pandas import DataFrame\n",
    "import numpy as np\n",
    "import pandas as pd\n",
    "from openpyxl.workbook import Workbook\n",
    "import pickle"
   ]
  },
  {
   "cell_type": "code",
   "execution_count": 10,
   "id": "0b72e883-eafe-4565-add2-92831a7abdb2",
   "metadata": {},
   "outputs": [
    {
     "data": {
      "text/html": [
       "<div>\n",
       "<style scoped>\n",
       "    .dataframe tbody tr th:only-of-type {\n",
       "        vertical-align: middle;\n",
       "    }\n",
       "\n",
       "    .dataframe tbody tr th {\n",
       "        vertical-align: top;\n",
       "    }\n",
       "\n",
       "    .dataframe thead th {\n",
       "        text-align: right;\n",
       "    }\n",
       "</style>\n",
       "<table border=\"1\" class=\"dataframe\">\n",
       "  <thead>\n",
       "    <tr style=\"text-align: right;\">\n",
       "      <th></th>\n",
       "      <th>Date</th>\n",
       "      <th>Open</th>\n",
       "      <th>High</th>\n",
       "      <th>Low</th>\n",
       "      <th>Close</th>\n",
       "      <th>Volume USDT</th>\n",
       "    </tr>\n",
       "  </thead>\n",
       "  <tbody>\n",
       "    <tr>\n",
       "      <th>26269</th>\n",
       "      <td>2020-01-01 04:00:00</td>\n",
       "      <td>7225.00</td>\n",
       "      <td>7230.00</td>\n",
       "      <td>7215.03</td>\n",
       "      <td>7217.27</td>\n",
       "      <td>3.379094e+06</td>\n",
       "    </tr>\n",
       "    <tr>\n",
       "      <th>26270</th>\n",
       "      <td>2020-01-01 03:00:00</td>\n",
       "      <td>7242.66</td>\n",
       "      <td>7245.00</td>\n",
       "      <td>7220.00</td>\n",
       "      <td>7225.01</td>\n",
       "      <td>5.667367e+06</td>\n",
       "    </tr>\n",
       "    <tr>\n",
       "      <th>26271</th>\n",
       "      <td>2020-01-01 02:00:00</td>\n",
       "      <td>7215.52</td>\n",
       "      <td>7244.87</td>\n",
       "      <td>7211.41</td>\n",
       "      <td>7242.85</td>\n",
       "      <td>4.736719e+06</td>\n",
       "    </tr>\n",
       "    <tr>\n",
       "      <th>26272</th>\n",
       "      <td>2020-01-01 01:00:00</td>\n",
       "      <td>7176.47</td>\n",
       "      <td>7230.00</td>\n",
       "      <td>7175.71</td>\n",
       "      <td>7216.27</td>\n",
       "      <td>6.365953e+06</td>\n",
       "    </tr>\n",
       "    <tr>\n",
       "      <th>26273</th>\n",
       "      <td>2020-01-01 00:00:00</td>\n",
       "      <td>7195.24</td>\n",
       "      <td>7196.25</td>\n",
       "      <td>7175.46</td>\n",
       "      <td>7177.02</td>\n",
       "      <td>3.675857e+06</td>\n",
       "    </tr>\n",
       "  </tbody>\n",
       "</table>\n",
       "</div>"
      ],
      "text/plain": [
       "                      Date     Open     High      Low    Close   Volume USDT\n",
       "26269  2020-01-01 04:00:00  7225.00  7230.00  7215.03  7217.27  3.379094e+06\n",
       "26270  2020-01-01 03:00:00  7242.66  7245.00  7220.00  7225.01  5.667367e+06\n",
       "26271  2020-01-01 02:00:00  7215.52  7244.87  7211.41  7242.85  4.736719e+06\n",
       "26272  2020-01-01 01:00:00  7176.47  7230.00  7175.71  7216.27  6.365953e+06\n",
       "26273  2020-01-01 00:00:00  7195.24  7196.25  7175.46  7177.02  3.675857e+06"
      ]
     },
     "execution_count": 10,
     "metadata": {},
     "output_type": "execute_result"
    }
   ],
   "source": [
    "btc_dfd = pd.read_csv('../Dataset/Binance_BTCUSDT_1h.csv')\n",
    "btc_dfd.tail(5)"
   ]
  },
  {
   "cell_type": "code",
   "execution_count": 3,
   "id": "eec1787d-2783-490f-8416-a6b078a1c85f",
   "metadata": {},
   "outputs": [
    {
     "name": "stdout",
     "output_type": "stream",
     "text": [
      "duplicate ok\n"
     ]
    },
    {
     "data": {
      "text/html": [
       "<div>\n",
       "<style scoped>\n",
       "    .dataframe tbody tr th:only-of-type {\n",
       "        vertical-align: middle;\n",
       "    }\n",
       "\n",
       "    .dataframe tbody tr th {\n",
       "        vertical-align: top;\n",
       "    }\n",
       "\n",
       "    .dataframe thead th {\n",
       "        text-align: right;\n",
       "    }\n",
       "</style>\n",
       "<table border=\"1\" class=\"dataframe\">\n",
       "  <thead>\n",
       "    <tr style=\"text-align: right;\">\n",
       "      <th></th>\n",
       "      <th>Date</th>\n",
       "      <th>Open</th>\n",
       "      <th>High</th>\n",
       "      <th>Low</th>\n",
       "      <th>Close</th>\n",
       "      <th>Volume USDT</th>\n",
       "    </tr>\n",
       "  </thead>\n",
       "  <tbody>\n",
       "    <tr>\n",
       "      <th>0</th>\n",
       "      <td>2022-12-31 23:00:00</td>\n",
       "      <td>16520.28</td>\n",
       "      <td>16551.24</td>\n",
       "      <td>16487.74</td>\n",
       "      <td>16542.40</td>\n",
       "      <td>8.217183e+07</td>\n",
       "    </tr>\n",
       "    <tr>\n",
       "      <th>1</th>\n",
       "      <td>2022-12-31 22:00:00</td>\n",
       "      <td>16548.28</td>\n",
       "      <td>16567.49</td>\n",
       "      <td>16470.00</td>\n",
       "      <td>16520.81</td>\n",
       "      <td>1.106669e+08</td>\n",
       "    </tr>\n",
       "    <tr>\n",
       "      <th>2</th>\n",
       "      <td>2022-12-31 21:00:00</td>\n",
       "      <td>16568.19</td>\n",
       "      <td>16571.64</td>\n",
       "      <td>16544.12</td>\n",
       "      <td>16548.28</td>\n",
       "      <td>5.992803e+07</td>\n",
       "    </tr>\n",
       "    <tr>\n",
       "      <th>3</th>\n",
       "      <td>2022-12-31 20:00:00</td>\n",
       "      <td>16570.14</td>\n",
       "      <td>16574.97</td>\n",
       "      <td>16564.09</td>\n",
       "      <td>16568.60</td>\n",
       "      <td>4.344849e+07</td>\n",
       "    </tr>\n",
       "    <tr>\n",
       "      <th>4</th>\n",
       "      <td>2022-12-31 19:00:00</td>\n",
       "      <td>16577.78</td>\n",
       "      <td>16590.06</td>\n",
       "      <td>16565.10</td>\n",
       "      <td>16570.14</td>\n",
       "      <td>6.704605e+07</td>\n",
       "    </tr>\n",
       "    <tr>\n",
       "      <th>...</th>\n",
       "      <td>...</td>\n",
       "      <td>...</td>\n",
       "      <td>...</td>\n",
       "      <td>...</td>\n",
       "      <td>...</td>\n",
       "      <td>...</td>\n",
       "    </tr>\n",
       "    <tr>\n",
       "      <th>26269</th>\n",
       "      <td>2020-01-01 04:00:00</td>\n",
       "      <td>7225.00</td>\n",
       "      <td>7230.00</td>\n",
       "      <td>7215.03</td>\n",
       "      <td>7217.27</td>\n",
       "      <td>3.379094e+06</td>\n",
       "    </tr>\n",
       "    <tr>\n",
       "      <th>26270</th>\n",
       "      <td>2020-01-01 03:00:00</td>\n",
       "      <td>7242.66</td>\n",
       "      <td>7245.00</td>\n",
       "      <td>7220.00</td>\n",
       "      <td>7225.01</td>\n",
       "      <td>5.667367e+06</td>\n",
       "    </tr>\n",
       "    <tr>\n",
       "      <th>26271</th>\n",
       "      <td>2020-01-01 02:00:00</td>\n",
       "      <td>7215.52</td>\n",
       "      <td>7244.87</td>\n",
       "      <td>7211.41</td>\n",
       "      <td>7242.85</td>\n",
       "      <td>4.736719e+06</td>\n",
       "    </tr>\n",
       "    <tr>\n",
       "      <th>26272</th>\n",
       "      <td>2020-01-01 01:00:00</td>\n",
       "      <td>7176.47</td>\n",
       "      <td>7230.00</td>\n",
       "      <td>7175.71</td>\n",
       "      <td>7216.27</td>\n",
       "      <td>6.365953e+06</td>\n",
       "    </tr>\n",
       "    <tr>\n",
       "      <th>26273</th>\n",
       "      <td>2020-01-01 00:00:00</td>\n",
       "      <td>7195.24</td>\n",
       "      <td>7196.25</td>\n",
       "      <td>7175.46</td>\n",
       "      <td>7177.02</td>\n",
       "      <td>3.675857e+06</td>\n",
       "    </tr>\n",
       "  </tbody>\n",
       "</table>\n",
       "<p>26274 rows × 6 columns</p>\n",
       "</div>"
      ],
      "text/plain": [
       "                      Date      Open      High       Low     Close  \\\n",
       "0      2022-12-31 23:00:00  16520.28  16551.24  16487.74  16542.40   \n",
       "1      2022-12-31 22:00:00  16548.28  16567.49  16470.00  16520.81   \n",
       "2      2022-12-31 21:00:00  16568.19  16571.64  16544.12  16548.28   \n",
       "3      2022-12-31 20:00:00  16570.14  16574.97  16564.09  16568.60   \n",
       "4      2022-12-31 19:00:00  16577.78  16590.06  16565.10  16570.14   \n",
       "...                    ...       ...       ...       ...       ...   \n",
       "26269  2020-01-01 04:00:00   7225.00   7230.00   7215.03   7217.27   \n",
       "26270  2020-01-01 03:00:00   7242.66   7245.00   7220.00   7225.01   \n",
       "26271  2020-01-01 02:00:00   7215.52   7244.87   7211.41   7242.85   \n",
       "26272  2020-01-01 01:00:00   7176.47   7230.00   7175.71   7216.27   \n",
       "26273  2020-01-01 00:00:00   7195.24   7196.25   7175.46   7177.02   \n",
       "\n",
       "        Volume USDT  \n",
       "0      8.217183e+07  \n",
       "1      1.106669e+08  \n",
       "2      5.992803e+07  \n",
       "3      4.344849e+07  \n",
       "4      6.704605e+07  \n",
       "...             ...  \n",
       "26269  3.379094e+06  \n",
       "26270  5.667367e+06  \n",
       "26271  4.736719e+06  \n",
       "26272  6.365953e+06  \n",
       "26273  3.675857e+06  \n",
       "\n",
       "[26274 rows x 6 columns]"
      ]
     },
     "execution_count": 3,
     "metadata": {},
     "output_type": "execute_result"
    }
   ],
   "source": [
    "df_no_dup = Preprocessing.handle_duplicate(btc_dfd)\n",
    "df_no_dup"
   ]
  },
  {
   "cell_type": "code",
   "execution_count": 4,
   "id": "93cbe974-dde0-4512-a182-5728d1ba2ece",
   "metadata": {},
   "outputs": [
    {
     "data": {
      "text/html": [
       "<div>\n",
       "<style scoped>\n",
       "    .dataframe tbody tr th:only-of-type {\n",
       "        vertical-align: middle;\n",
       "    }\n",
       "\n",
       "    .dataframe tbody tr th {\n",
       "        vertical-align: top;\n",
       "    }\n",
       "\n",
       "    .dataframe thead th {\n",
       "        text-align: right;\n",
       "    }\n",
       "</style>\n",
       "<table border=\"1\" class=\"dataframe\">\n",
       "  <thead>\n",
       "    <tr style=\"text-align: right;\">\n",
       "      <th></th>\n",
       "      <th>Date</th>\n",
       "      <th>Open</th>\n",
       "      <th>High</th>\n",
       "      <th>Low</th>\n",
       "      <th>Close</th>\n",
       "      <th>Volume USDT</th>\n",
       "    </tr>\n",
       "  </thead>\n",
       "  <tbody>\n",
       "    <tr>\n",
       "      <th>0</th>\n",
       "      <td>2020-01-01 00:00:00</td>\n",
       "      <td>7195.24</td>\n",
       "      <td>7196.25</td>\n",
       "      <td>7175.46</td>\n",
       "      <td>7177.02</td>\n",
       "      <td>3.675857e+06</td>\n",
       "    </tr>\n",
       "    <tr>\n",
       "      <th>1</th>\n",
       "      <td>2020-01-01 01:00:00</td>\n",
       "      <td>7176.47</td>\n",
       "      <td>7230.00</td>\n",
       "      <td>7175.71</td>\n",
       "      <td>7216.27</td>\n",
       "      <td>6.365953e+06</td>\n",
       "    </tr>\n",
       "    <tr>\n",
       "      <th>2</th>\n",
       "      <td>2020-01-01 02:00:00</td>\n",
       "      <td>7215.52</td>\n",
       "      <td>7244.87</td>\n",
       "      <td>7211.41</td>\n",
       "      <td>7242.85</td>\n",
       "      <td>4.736719e+06</td>\n",
       "    </tr>\n",
       "    <tr>\n",
       "      <th>3</th>\n",
       "      <td>2020-01-01 03:00:00</td>\n",
       "      <td>7242.66</td>\n",
       "      <td>7245.00</td>\n",
       "      <td>7220.00</td>\n",
       "      <td>7225.01</td>\n",
       "      <td>5.667367e+06</td>\n",
       "    </tr>\n",
       "    <tr>\n",
       "      <th>4</th>\n",
       "      <td>2020-01-01 04:00:00</td>\n",
       "      <td>7225.00</td>\n",
       "      <td>7230.00</td>\n",
       "      <td>7215.03</td>\n",
       "      <td>7217.27</td>\n",
       "      <td>3.379094e+06</td>\n",
       "    </tr>\n",
       "    <tr>\n",
       "      <th>...</th>\n",
       "      <td>...</td>\n",
       "      <td>...</td>\n",
       "      <td>...</td>\n",
       "      <td>...</td>\n",
       "      <td>...</td>\n",
       "      <td>...</td>\n",
       "    </tr>\n",
       "    <tr>\n",
       "      <th>26269</th>\n",
       "      <td>2022-12-31 19:00:00</td>\n",
       "      <td>16577.78</td>\n",
       "      <td>16590.06</td>\n",
       "      <td>16565.10</td>\n",
       "      <td>16570.14</td>\n",
       "      <td>6.704605e+07</td>\n",
       "    </tr>\n",
       "    <tr>\n",
       "      <th>26270</th>\n",
       "      <td>2022-12-31 20:00:00</td>\n",
       "      <td>16570.14</td>\n",
       "      <td>16574.97</td>\n",
       "      <td>16564.09</td>\n",
       "      <td>16568.60</td>\n",
       "      <td>4.344849e+07</td>\n",
       "    </tr>\n",
       "    <tr>\n",
       "      <th>26271</th>\n",
       "      <td>2022-12-31 21:00:00</td>\n",
       "      <td>16568.19</td>\n",
       "      <td>16571.64</td>\n",
       "      <td>16544.12</td>\n",
       "      <td>16548.28</td>\n",
       "      <td>5.992803e+07</td>\n",
       "    </tr>\n",
       "    <tr>\n",
       "      <th>26272</th>\n",
       "      <td>2022-12-31 22:00:00</td>\n",
       "      <td>16548.28</td>\n",
       "      <td>16567.49</td>\n",
       "      <td>16470.00</td>\n",
       "      <td>16520.81</td>\n",
       "      <td>1.106669e+08</td>\n",
       "    </tr>\n",
       "    <tr>\n",
       "      <th>26273</th>\n",
       "      <td>2022-12-31 23:00:00</td>\n",
       "      <td>16520.28</td>\n",
       "      <td>16551.24</td>\n",
       "      <td>16487.74</td>\n",
       "      <td>16542.40</td>\n",
       "      <td>8.217183e+07</td>\n",
       "    </tr>\n",
       "  </tbody>\n",
       "</table>\n",
       "<p>26274 rows × 6 columns</p>\n",
       "</div>"
      ],
      "text/plain": [
       "                      Date      Open      High       Low     Close  \\\n",
       "0      2020-01-01 00:00:00   7195.24   7196.25   7175.46   7177.02   \n",
       "1      2020-01-01 01:00:00   7176.47   7230.00   7175.71   7216.27   \n",
       "2      2020-01-01 02:00:00   7215.52   7244.87   7211.41   7242.85   \n",
       "3      2020-01-01 03:00:00   7242.66   7245.00   7220.00   7225.01   \n",
       "4      2020-01-01 04:00:00   7225.00   7230.00   7215.03   7217.27   \n",
       "...                    ...       ...       ...       ...       ...   \n",
       "26269  2022-12-31 19:00:00  16577.78  16590.06  16565.10  16570.14   \n",
       "26270  2022-12-31 20:00:00  16570.14  16574.97  16564.09  16568.60   \n",
       "26271  2022-12-31 21:00:00  16568.19  16571.64  16544.12  16548.28   \n",
       "26272  2022-12-31 22:00:00  16548.28  16567.49  16470.00  16520.81   \n",
       "26273  2022-12-31 23:00:00  16520.28  16551.24  16487.74  16542.40   \n",
       "\n",
       "        Volume USDT  \n",
       "0      3.675857e+06  \n",
       "1      6.365953e+06  \n",
       "2      4.736719e+06  \n",
       "3      5.667367e+06  \n",
       "4      3.379094e+06  \n",
       "...             ...  \n",
       "26269  6.704605e+07  \n",
       "26270  4.344849e+07  \n",
       "26271  5.992803e+07  \n",
       "26272  1.106669e+08  \n",
       "26273  8.217183e+07  \n",
       "\n",
       "[26274 rows x 6 columns]"
      ]
     },
     "execution_count": 4,
     "metadata": {},
     "output_type": "execute_result"
    }
   ],
   "source": [
    "df = Preprocessing.sort_df(df_no_dup)\n",
    "df"
   ]
  },
  {
   "cell_type": "code",
   "execution_count": 5,
   "id": "328a11a2-68c7-495c-9ba2-697666bc8e80",
   "metadata": {},
   "outputs": [
    {
     "name": "stdout",
     "output_type": "stream",
     "text": [
      "No missing value\n"
     ]
    },
    {
     "data": {
      "text/html": [
       "<div>\n",
       "<style scoped>\n",
       "    .dataframe tbody tr th:only-of-type {\n",
       "        vertical-align: middle;\n",
       "    }\n",
       "\n",
       "    .dataframe tbody tr th {\n",
       "        vertical-align: top;\n",
       "    }\n",
       "\n",
       "    .dataframe thead th {\n",
       "        text-align: right;\n",
       "    }\n",
       "</style>\n",
       "<table border=\"1\" class=\"dataframe\">\n",
       "  <thead>\n",
       "    <tr style=\"text-align: right;\">\n",
       "      <th></th>\n",
       "      <th>Date</th>\n",
       "      <th>Open</th>\n",
       "      <th>High</th>\n",
       "      <th>Low</th>\n",
       "      <th>Close</th>\n",
       "      <th>Volume USDT</th>\n",
       "    </tr>\n",
       "  </thead>\n",
       "  <tbody>\n",
       "    <tr>\n",
       "      <th>0</th>\n",
       "      <td>2020-01-01 00:00:00</td>\n",
       "      <td>7195.24</td>\n",
       "      <td>7196.25</td>\n",
       "      <td>7175.46</td>\n",
       "      <td>7177.02</td>\n",
       "      <td>3.675857e+06</td>\n",
       "    </tr>\n",
       "    <tr>\n",
       "      <th>1</th>\n",
       "      <td>2020-01-01 01:00:00</td>\n",
       "      <td>7176.47</td>\n",
       "      <td>7230.00</td>\n",
       "      <td>7175.71</td>\n",
       "      <td>7216.27</td>\n",
       "      <td>6.365953e+06</td>\n",
       "    </tr>\n",
       "    <tr>\n",
       "      <th>2</th>\n",
       "      <td>2020-01-01 02:00:00</td>\n",
       "      <td>7215.52</td>\n",
       "      <td>7244.87</td>\n",
       "      <td>7211.41</td>\n",
       "      <td>7242.85</td>\n",
       "      <td>4.736719e+06</td>\n",
       "    </tr>\n",
       "    <tr>\n",
       "      <th>3</th>\n",
       "      <td>2020-01-01 03:00:00</td>\n",
       "      <td>7242.66</td>\n",
       "      <td>7245.00</td>\n",
       "      <td>7220.00</td>\n",
       "      <td>7225.01</td>\n",
       "      <td>5.667367e+06</td>\n",
       "    </tr>\n",
       "    <tr>\n",
       "      <th>4</th>\n",
       "      <td>2020-01-01 04:00:00</td>\n",
       "      <td>7225.00</td>\n",
       "      <td>7230.00</td>\n",
       "      <td>7215.03</td>\n",
       "      <td>7217.27</td>\n",
       "      <td>3.379094e+06</td>\n",
       "    </tr>\n",
       "    <tr>\n",
       "      <th>...</th>\n",
       "      <td>...</td>\n",
       "      <td>...</td>\n",
       "      <td>...</td>\n",
       "      <td>...</td>\n",
       "      <td>...</td>\n",
       "      <td>...</td>\n",
       "    </tr>\n",
       "    <tr>\n",
       "      <th>26269</th>\n",
       "      <td>2022-12-31 19:00:00</td>\n",
       "      <td>16577.78</td>\n",
       "      <td>16590.06</td>\n",
       "      <td>16565.10</td>\n",
       "      <td>16570.14</td>\n",
       "      <td>6.704605e+07</td>\n",
       "    </tr>\n",
       "    <tr>\n",
       "      <th>26270</th>\n",
       "      <td>2022-12-31 20:00:00</td>\n",
       "      <td>16570.14</td>\n",
       "      <td>16574.97</td>\n",
       "      <td>16564.09</td>\n",
       "      <td>16568.60</td>\n",
       "      <td>4.344849e+07</td>\n",
       "    </tr>\n",
       "    <tr>\n",
       "      <th>26271</th>\n",
       "      <td>2022-12-31 21:00:00</td>\n",
       "      <td>16568.19</td>\n",
       "      <td>16571.64</td>\n",
       "      <td>16544.12</td>\n",
       "      <td>16548.28</td>\n",
       "      <td>5.992803e+07</td>\n",
       "    </tr>\n",
       "    <tr>\n",
       "      <th>26272</th>\n",
       "      <td>2022-12-31 22:00:00</td>\n",
       "      <td>16548.28</td>\n",
       "      <td>16567.49</td>\n",
       "      <td>16470.00</td>\n",
       "      <td>16520.81</td>\n",
       "      <td>1.106669e+08</td>\n",
       "    </tr>\n",
       "    <tr>\n",
       "      <th>26273</th>\n",
       "      <td>2022-12-31 23:00:00</td>\n",
       "      <td>16520.28</td>\n",
       "      <td>16551.24</td>\n",
       "      <td>16487.74</td>\n",
       "      <td>16542.40</td>\n",
       "      <td>8.217183e+07</td>\n",
       "    </tr>\n",
       "  </tbody>\n",
       "</table>\n",
       "<p>26274 rows × 6 columns</p>\n",
       "</div>"
      ],
      "text/plain": [
       "                      Date      Open      High       Low     Close  \\\n",
       "0      2020-01-01 00:00:00   7195.24   7196.25   7175.46   7177.02   \n",
       "1      2020-01-01 01:00:00   7176.47   7230.00   7175.71   7216.27   \n",
       "2      2020-01-01 02:00:00   7215.52   7244.87   7211.41   7242.85   \n",
       "3      2020-01-01 03:00:00   7242.66   7245.00   7220.00   7225.01   \n",
       "4      2020-01-01 04:00:00   7225.00   7230.00   7215.03   7217.27   \n",
       "...                    ...       ...       ...       ...       ...   \n",
       "26269  2022-12-31 19:00:00  16577.78  16590.06  16565.10  16570.14   \n",
       "26270  2022-12-31 20:00:00  16570.14  16574.97  16564.09  16568.60   \n",
       "26271  2022-12-31 21:00:00  16568.19  16571.64  16544.12  16548.28   \n",
       "26272  2022-12-31 22:00:00  16548.28  16567.49  16470.00  16520.81   \n",
       "26273  2022-12-31 23:00:00  16520.28  16551.24  16487.74  16542.40   \n",
       "\n",
       "        Volume USDT  \n",
       "0      3.675857e+06  \n",
       "1      6.365953e+06  \n",
       "2      4.736719e+06  \n",
       "3      5.667367e+06  \n",
       "4      3.379094e+06  \n",
       "...             ...  \n",
       "26269  6.704605e+07  \n",
       "26270  4.344849e+07  \n",
       "26271  5.992803e+07  \n",
       "26272  1.106669e+08  \n",
       "26273  8.217183e+07  \n",
       "\n",
       "[26274 rows x 6 columns]"
      ]
     },
     "execution_count": 5,
     "metadata": {},
     "output_type": "execute_result"
    }
   ],
   "source": [
    "miss = Preprocessing.handle_missing_value(df)\n",
    "miss"
   ]
  },
  {
   "cell_type": "code",
   "execution_count": 9,
   "id": "19a11dc3-a1f4-442f-bf4f-437f384bf261",
   "metadata": {},
   "outputs": [
    {
     "data": {
      "text/plain": [
       "array([[0.04750117, 0.0401654 , 0.05247223, 0.00122299, 0.04722846],\n",
       "       [0.04721018, 0.04068955, 0.0524761 , 0.00211801, 0.04783696],\n",
       "       [0.04781557, 0.04092048, 0.05302814, 0.00157595, 0.04824904],\n",
       "       [0.04823632, 0.0409225 , 0.05316097, 0.00188558, 0.04797246],\n",
       "       [0.04796253, 0.04068955, 0.05308412, 0.00112425, 0.04785247]])"
      ]
     },
     "execution_count": 9,
     "metadata": {},
     "output_type": "execute_result"
    }
   ],
   "source": [
    "x, scaler = Preprocessing.minmax_scale(miss)\n",
    "x[0:5]"
   ]
  },
  {
   "cell_type": "code",
   "execution_count": null,
   "id": "8f91604d-7994-475c-bf81-4a6567990467",
   "metadata": {},
   "outputs": [],
   "source": []
  }
 ],
 "metadata": {
  "kernelspec": {
   "display_name": "Python 3 (ipykernel)",
   "language": "python",
   "name": "python3"
  },
  "language_info": {
   "codemirror_mode": {
    "name": "ipython",
    "version": 3
   },
   "file_extension": ".py",
   "mimetype": "text/x-python",
   "name": "python",
   "nbconvert_exporter": "python",
   "pygments_lexer": "ipython3",
   "version": "3.9.13"
  }
 },
 "nbformat": 4,
 "nbformat_minor": 5
}
